10
20
1
2
33
111
2222
335455
112134132
2145342
143121
0
10
20
1
2
33
111
2222
335455
112134132
2145342
143121
00
10
20
1
2
33
111
2222
335455
112134132
2145342
143121
00
10
20
1
2
33
111
2222
335455
112134132
2145342
143121
00
10
20
1
2
33
111
2222
335455
112134132
2145342
143121
0
10
20
1
2
33
111
2222
335455
112134132
2145342
143121
0
10
20
1
2
33
111
2222
335455
112134132
2145342
143121
00
10
20
1
2
33
111
2222
335455
112134132
2145342
143121
00
10
20
1
2
33
111
2222
335455
112134132
2145342
143121
00
10
20
1
2
33
111
2222
335455
112134132
2145342
143121
00
10
20
1
2
33
111
2222
335455
112134132
2145342
143121
00
10
20
1
2
33
111
2222
335455
112134132
2145342
143121
0641674127
